9183673350
9183966020
4949290174
9187197340
9061253342
2013567959
4871584306
5800391099
4045563933
5700621320
9054825315
4866416476
9112687133
9115438065
5702846709
9101077594
9137819770
5800075840
9057413735
4857763011
1492050349
9124851670
5800952498
9049667442
1492050398
4864277898
9130011048
9139294912
5800077320
1490103971
9088724131
9130883076
5800129265
9206430269
4947825054
4910295495
4898193973
4038528250
9132066200
4899417603
9127107620
4921048435
4903068870
2022818702
9200733116
9200095161
4045291684
4045317247
4045380474
4947281972
5141812236
2024747036
5141701918
9107786657
9107786645
8706018786
9176181583
9202036123
9208204870
9193163782
9204934141
9206328244
4951540873
5141867948
4951540861
4045682879
4950926287
5141497409
4950373481
8797539340
4928787407
4914902552
4935498195
9168537499
1494948163
9168537505
4935747870
4873561279
4885477906
2015122436
4880587138
9107522162
4902506130
4950644178
4949873210
1497039927
9175453370
9175453368
4951918705
9194105340
4934468742
5135022480
4906034986
4941084690
2022569660
4951854752
5141701918
4941869898
9188842204
9190872691
4950724095
9175262526
5606441500
9192310539
5141812236
2024747036
9202008632
4045007039
9209585148
4934468742
5135022480
4906034986
4941084690
2022569660
4951854752
4045724096
4045786788
4952112615
73703963
9194105340
9207123629
9211235698
9137797025
9182980457
9142146069
1496480971
9164311661
9183420198
9123924070
8971695262
9183330800
9124323548
4040795623
9130974367
9151963620
9157188154
9165246676
9164852763
9173451009
9130974355
4906230696
9152518164
5801732202
5139334770
1496457810
9182771984
1496462221
9204788215
9188055310
5704119372